# gpu    pwr  gtemp  mtemp     sm    mem    enc    dec   mclk   pclk  pviol  tviol     fb   bar1  rxpci  txpci 
# Idx      W      C      C      %      %      %      %    MHz    MHz      %   bool     MB     MB   MB/s   MB/s 
    0     66     53      -    87      1      0      5   7000   1950      0      0      1      3      0      0 
    0     65     53      -    34      1      0      2   7000   1950      0      0      1      3     12     20 
    0     65     53      -     4      0      0      1   6801   1950      0      0   1582     24   3151    869 
    0     65     53      -    80      1      0      5   6801   1950      0      0   1582     24   3094    661 
    0     65     53      -    87      1      0      5   6801   1950      0      0   1582     24   2453    359 
    0     66     53      -    86      1      0      5   6801   1950      0      0   1582     24   3135    964 
    0     65     53      -    87      1      0      5   6801   1950      0      0   1582     24   2440    362 
    0     65     53      -    86      1      0      5   6801   1950      0      0   1582     24   2428    372 
    0     64     53      -    88      1      0      5   6801   1950      0      0   1582     24   2676    488 
    0     66     53      -    87      1      0      5   6801   1950      0      0   1582     24   3090    824 
    0     66     53      -    87      1      0      5   6801   1950      0      0   1582     24   3161    963 
    0     65     53      -    87      1      0      5   6801   1950      0      0   1582     24   2638    367 
    0     65     53      -    87      1      0      5   6801   1950      0      0   1582     24   2426    359 
    0     65     53      -    87      1      0      5   6801   1950      0      0   1582     24   2944    715 
    0     65     53      -    87      1      0      5   6801   1950      0      0   1582     24   3171    968 
    0     67     53      -    87      1      0      5   6801   1950      0      0   1582     24   3169    965 
    0     65     53      -    87      1      0      5   6801   1950      0      0   1582     24   2451    364 
    0     66     53      -    87      1      0      5   6801   1950      0      0   1582     24   2395    360 
    0     65     53      -    87      1      0      5   6801   1950      0      0   1582     24   2935    729 
    0     65     53      -    87      1      0      5   6801   1950      0      0   1582     24   3174    963 
    0     66     53      -    87      1      0      5   6801   1950      0      0   1582     24   3133    768 
    0     65     53      -    87      1      0      5   6801   1950      0      0   1582     24   2432    365 
    0     65     53      -    87      1      0      5   6801   1950      0      0   1582     24   2770    564 
    0     65     53      -    87      1      0      5   6801   1950      0      0   1582     24   3178    963 
    0     66     53      -    87      1      0      5   6801   1950      0      0   1582     24   3165    963 
    0     65     53      -    87      1      0      5   6801   1950      0      0   1582     24   3202    964 
    0     65     53      -    87      1      0      5   6801   1950      0      0   1582     24   2438    365 
    0     66     53      -    87      1      0      5   6801   1950      0      0   1582     24   2483    363 
    0     65     53      -    87      1      0      5   6801   1950      0      0   1582     24   3113    863 
    0     67     53      -    87      1      0      5   6801   1950      0      0   1582     24   3174    962 
    0     66     53      -    87      1      0      5   6801   1950      0      0   1582     24   3127    727 
    0     66     53      -    87      1      0      5   6801   1950      0      0   1582     24   2409    367 
    0     65     53      -    87      1      0      5   6801   1950      0      0   1582     24   2459    360 
    0     66     54      -    87      1      0      5   6801   1950      0      0   1582     24   3113    908 
    0     65     53      -    87      1      0      5   6801   1950      0      0   1582     24   3202    968 
    0     67     53      -    87      1      0      5   6801   1950      0      0   1582     24   3159    960 
    0     67     53      -    87      1      0      5   6801   1950      0      0   1582     24   2767    361 
    0     65     53      -    88      1      0      5   6801   1950      0      0   1582     24   2431    376 
    0     65     53      -    87      1      0      5   6801   1950      0      0   1582     24   1989    363 
    0     65     53      -    87      1      0      5   6801   1950      0      0   1582     24   3185    958 
    0     65     53      -    87      1      0      5   6801   1950      0      0   1582     24   3156    873 
    0     66     53      -    87      1      0      5   6801   1950      0      0   1582     24   2431    363 
    0     66     53      -    87      1      0      5   6801   1950      0      0   1582     24   3220    961 
    0     67     54      -    87      1      0      5   6801   1950      0      0   1582     24   3187    959 
# gpu    pwr  gtemp  mtemp     sm    mem    enc    dec   mclk   pclk  pviol  tviol     fb   bar1  rxpci  txpci 
# Idx      W      C      C      %      %      %      %    MHz    MHz      %   bool     MB     MB   MB/s   MB/s 
    0     65     53      -    86      1      0      5   6801   1950      0      0   1582     24   2422    364 
    0     65     53      -    86      1      0      5   6801   1950      0      0   1582     24   3190    960 
    0     67     54      -    86      1      0      5   6801   1950      0      0   1582     24   2441    367 
    0     65     54      -    86      1      0      5   6801   1950      0      0   1582     24   2794    594 
    0     65     53      -    86      1      0      5   6801   1950      0      0   1582     24   3144    966 
    0     65     53      -    86      1      0      5   6801   1950      0      0   1582     24   2443    349 
    0     65     53      -    86      1      0      5   6801   1950      0      0   1582     24   3146    943 
    0     67     53      -    86      1      0      5   6801   1950      0      0   1582     24   2379    357 
    0     65     54      -    87      1      0      5   6801   1950      0      0   1582     24   3194    960 
    0     65     53      -    87      1      0      5   6801   1950      0      0   1582     24   3182    962 
    0     65     53      -    87      1      0      5   6801   1950      0      0   1582     24   3133    767 
    0     65     53      -    86      1      0      5   6801   1950      0      0   1582     24   2474    362 
    0     66     53      -    87      1      0      5   6801   1950      0      0   1582     24   3196    960 
    0     65     53      -    87      1      0      5   6801   1950      0      0   1582     24   3154    961 
    0     66     53      -    87      1      0      5   6801   1950      0      0   1582     24   3171    900 
    0     66     53      -    87      1      0      5   6801   1950      0      0   1582     24   2669    363 
    0     65     54      -    87      1      0      5   6801   1950      0      0   1582     24   2467    367 
    0     65     53      -    87      1      0      5   6801   1950      0      0   1582     24   2444    363 
    0     66     54      -    88      1      0      5   6801   1950      0      0   1582     24   2781    567 
    0     65     53      -    87      1      0      5   6801   1950      0      0   1582     24   3166    966 
    0     66     54      -    86      1      0      5   6801   1950      0      0   1582     24   2416    362 
    0     66     54      -    86      1      0      5   6801   1950      0      0   1582     24   2960    741 
    0     65     54      -    87      1      0      5   6801   1950      0      0   1582     24   3149    870 
    0     66     54      -    86      1      0      5   6801   1950      0      0   1582     24   2448    363 
    0     65     53      -    87      1      0      5   6801   1950      0      0   1582     24   2483    371 
    0     66     54      -    87      1      0      5   6801   1950      0      0   1582     24   3173    970 
    0     65     54      -    87      1      0      5   6801   1950      0      0   1582     24   3157    964 
    0     65     53      -    87      1      0      5   6801   1950      0      0   1582     24   2455    366 
    0     67     54      -    87      1      0      5   6801   1950      0      0   1582     24   2431    362 
    0     65     54      -    87      1      0      5   6801   1950      0      0   1582     24   3207    962 
    0     66     54      -    87      1      0      5   6801   1950      0      0   1582     24   3183    911 
    0     65     53      -    87      1      0      5   6801   1950      0      0   1582     24   2478    373 
    0     65     53      -    87      1      0      5   6801   1950      0      0   1582     24   2455    372 
    0     66     54      -    87      1      0      5   6801   1950      0      0   1582     24   3168    965 
    0     65     54      -    88      1      0      5   6801   1950      0      0   1582     24   3168    959 
    0     68     54      -    87      1      0      5   6801   1950      0      0   1582     24   3169    886 
    0     65     54      -    87      1      0      5   6801   1950      0      0   1582     24   2537    364 
    0     65     53      -    87      1      0      5   6801   1950      0      0   1582     24   2394    365 
    0     66     53      -    87      1      0      5   6801   1950      0      0   1582     24   2452    370 
    0     66     54      -    88      1      0      5   6801   1950      0      0   1582     24   2441    366 
    0     66     54      -    87      1      0      5   6801   1950      0      0   1582     24   2469    371 
    0     65     54      -    88      1      0      5   6801   1950      0      0   1582     24   2394    367 
    0     67     54      -    88      1      0      5   6801   1950      0      0   1582     24   3188    960 
    0     65     54      -    87      1      0      5   6801   1950      0      0   1582     24   3165    966 
# gpu    pwr  gtemp  mtemp     sm    mem    enc    dec   mclk   pclk  pviol  tviol     fb   bar1  rxpci  txpci 
# Idx      W      C      C      %      %      %      %    MHz    MHz      %   bool     MB     MB   MB/s   MB/s 
    0     67     54      -    87      1      0      5   6801   1950      0      0   1582     24   3159    957 
    0     65     54      -    87      1      0      5   6801   1950      0      0   1582     24   2654    365 
    0     65     54      -    87      1      0      5   6801   1950      0      0   1582     24   2408    366 
    0     66     54      -    87      1      0      5   6801   1950      0      0   1582     24   2589    452 
    0     66     54      -    87      1      0      5   6801   1950      0      0   1582     24   3008    759 
    0     67     53      -    88      1      0      5   6801   1950      0      0   1582     24   3153    968 
    0     65     53      -    87      1      0      5   6801   1950      0      0   1582     24   3210    964 
    0     66     53      -    87      1      0      5   6801   1950      0      0   1582     24   3190    965 
    0     65     54      -    87      1      0      5   6801   1950      0      0   1582     24   2773    378 
    0     65     54      -    87      1      0      5   6801   1950      0      0   1582     24   2434    362 
    0     68     53      -    87      1      0      5   6801   1950      0      0   1582     24   2482    363 
    0     65     54      -    87      1      0      5   6801   1950      0      0   1582     24   2467    361 
    0     65     54      -    87      1      0      5   6801   1950      0      0   1582     24   2971    953 
    0     66     54      -    88      1      0      5   6801   1950      0      0   1582     24   2881    604 
    0     65     54      -    87      1      0      5   6801   1950      0      0   1582     24   3148    967 
    0     65     54      -    87      1      0      5   6801   1950      0      0   1582     24   2965    527 
    0     68     54      -    87      1      0      5   6801   1950      0      0   1582     24   2465    367 
    0     65     54      -    87      1      0      5   6801   1950      0      0   1582     24   3164    963 
    0     65     54      -    87      1      0      5   6801   1950      0      0   1582     24   3173    967 
    0     66     54      -    87      1      0      5   6801   1950      0      0   1582     24   3188    967 
    0     65     54      -    88      1      0      5   6801   1950      0      0   1582     24   2410    365 
    0     66     54      -    87      1      0      5   6801   1950      0      0   1582     24   2396    366 
    0     67     54      -    87      1      0      5   6801   1950      0      0   1582     24   3219    965 
    0     67     54      -    87      1      0      5   6801   1950      0      0   1582     24   3204    968 
    0     65     54      -    87      1      0      5   6801   1950      0      0   1582     24   2329    357 
    0     66     54      -    86      1      0      5   6801   1950      0      0   1582     24   3174    963 
    0     66     54      -    86      1      0      5   6801   1950      0      0   1582     24   3083    598 
    0     65     54      -    87      1      0      5   6801   1950      0      0   1582     24   2532    429 
    0     66     54      -    86      1      0      5   6801   1950      0      0   1582     24   3129    733 
    0     66     54      -    85      1      0      5   6801   1950      0      0   1582     24   3138    957 
    0     65     54      -    86      1      0      5   6801   1950      0      0   1582     24   2428    364 
    0     66     54      -    86      1      0      5   6801   1950      0      0   1582     24   2942    697 
    0     64     54      -    86      1      0      5   6801   1950      0      0   1582     24   3135    671 
    0     67     54      -    87      1      0      5   6801   1950      0      0   1582     24   2413    364 
    0     65     54      -    87      1      0      5   6801   1950      0      0   1582     24   2981    762 
    0     65     54      -    87      1      0      5   6801   1950      0      0   1582     24   3130    688 
    0     65     54      -    86      1      0      5   6801   1950      0      0   1582     24   2428    366 
    0     65     54      -    87      1      0      5   6801   1950      0      0   1582     24   3226    970 
    0     67     53      -    86      1      0      5   6801   1950      0      0   1582     24   2353    357 
    0     66     54      -    86      1      0      5   6801   1950      0      0   1582     24   2459    359 
    0     66     54      -    87      1      0      5   6801   1950      0      0   1582     24   3193    960 
    0     65     54      -    87      1      0      5   6801   1950      0      0   1582     24   3178    919 
    0     65     54      -    87      1      0      5   6801   1950      0      0   1582     24   2383    363 
    0     66     54      -    87      1      0      5   6801   1950      0      0   1582     24   3190    964 
# gpu    pwr  gtemp  mtemp     sm    mem    enc    dec   mclk   pclk  pviol  tviol     fb   bar1  rxpci  txpci 
# Idx      W      C      C      %      %      %      %    MHz    MHz      %   bool     MB     MB   MB/s   MB/s 
    0     66     54      -    86      1      0      5   6801   1950      0      0   1582     24   3127    963 
    0     65     54      -    87      1      0      5   6801   1950      0      0   1582     24   2402    366 
    0     66     54      -    87      1      0      5   6801   1950      0      0   1582     24   2417    364 
    0     65     54      -    88      1      0      5   6801   1950      0      0   1582     24   2455    367 
    0     65     54      -    87      1      0      5   6801   1950      0      0   1582     24   2988    778 
    0     68     54      -    87      1      0      5   6801   1950      0      0   1582     24   3173    962 
    0     65     54      -    87      1      0      5   6801   1950      0      0   1582     24   3206    972 
    0     66     54      -    88      1      0      5   6801   1950      0      0   1582     24   3120    966 
    0     65     54      -    87      1      0      5   6801   1950      0      0   1582     24   2408    366 
    0     65     54      -    88      1      0      5   6801   1950      0      0   1582     24   1908    364 
    0     67     54      -    87      1      0      5   6801   1950      0      0   1582     24   2457    368 
    0     65     54      -    87      1      0      5   6801   1950      0      0   1582     24   2442    362 
    0     65     54      -    87      1      0      5   6801   1950      0      0   1582     24   2445    365 
    0     67     54      -    87      1      0      5   6801   1950      0      0   1582     24   3185    965 
    0     65     54      -    87      1      0      5   6801   1950      0      0   1582     24   3196    972 
    0     67     54      -    87      1      0      5   7000   1950      0      0     77      6      6 