
#Trial: 0 for _gpu_3_16_10
# gpu    pwr  gtemp  mtemp     sm    mem    enc    dec   mclk   pclk  pviol  tviol     fb   bar1  rxpci  txpci 
# Idx      W      C      C      %      %      %      %    MHz    MHz      %   bool     MB     MB   MB/s   MB/s 
    0     73     54      -    23      5      0     50   7000   1950      0      0      1      3      0      0 
    0     68     53      -     9      2      0     17   7000   1950      0      0      1      3      0      0 
    0     73     54      -     6      1      0     13   6801   1950      0      0    430      6     26   2740 
    0     73     54      -    24      5      0     50   6801   1950      0      0    430      6     28   2739 
    0     73     54      -    23      5      0     50   6801   1950      0      0    430      6     28   2967 
    0     75     54      -    23      5      0     50   6801   1950      0      0    430      6     28   2737 
    0     74     54      -    23      5      0     50   6801   1950      0      0    430      6     26   2737 
    0     74     54      -    23      5      0     50   6801   1950      0      0    430      6     26   3133 
    0     74     54      -    23      5      0     50   6801   1950      0      0    430      6     26   2814 
    0     74     54      -    23      5      0     50   6801   1950      0      0    430      6     26   2778 
    0     73     54      -    23      5      0     50   6801   1950      0      0    430      6     26   2800 
    0     74     54      -    23      5      0     50   6801   1950      0      0    430      6     25   3421 
    0     75     54      -    23      5      0     50   6801   1950      0      0    430      6     25   2853 
    0     74     54      -    23      5      0     50   6801   1950      0      0    430      6     26   3421 
    0     74     54      -    23      5      0     50   6801   1950      0      0    430      6     25   3308 
    0     75     54      -    23      5      0     50   6801   1950      0      0    430      6     25   3109 
    0     73     54      -    23      5      0     50   6801   1950      0      0    430      6     25   2850 

#Trial: 1 for _gpu_3_16_10
# gpu    pwr  gtemp  mtemp     sm    mem    enc    dec   mclk   pclk  pviol  tviol     fb   bar1  rxpci  txpci 
# Idx      W      C      C      %      %      %      %    MHz    MHz      %   bool     MB     MB   MB/s   MB/s 
    0     74     54      -    23      5      0     50   7000   1950      0      0      1      3      0      0 
    0     68     53      -    13      3      0     27   7000   1950      0      0      1      3      0      0 
    0     73     54      -     1      0      0      3   6801   1950      0      0    430      6     28   3421 
    0     74     54      -    23      5      0     50   6801   1950      0      0    430      6     29   3252 
    0     74     54      -    23      5      0     50   6801   1950      0      0    430      6     25   2853 
    0     75     54      -    23      5      0     50   6801   1950      0      0    430      6     29   3248 
    0     74     54      -    23      5      0     50   6801   1950      0      0    430      6     28   3421 
    0     74     54      -    23      5      0     50   6801   1950      0      0    430      6     26   2850 
    0     74     54      -    23      5      0     50   6801   1950      0      0    430      6     26   3293 
    0     74     54      -    23      5      0     50   6801   1950      0      0    430      6     34   3124 
    0     74     54      -    23      5      0     50   6801   1950      0      0    430      6     45   2965 
    0     74     54      -    23      5      0     50   6801   1950      0      0    430      6     49   3421 
    0     74     54      -    23      5      0     50   6801   1950      0      0    430      6     39   2793 
    0     74     54      -    23      5      0     50   6801   1950      0      0    430      6     29   2940 
    0     75     54      -    23      5      0     50   6801   1950      0      0    430      6     26   3077 
    0     74     54      -    24      5      0     50   6801   1950      0      0    430      6     28   2739 
    0     73     54      -    23      5      0     50   6801   1950      0      0    430      6     27   2965 

#Trial: 2 for _gpu_3_16_10
# gpu    pwr  gtemp  mtemp     sm    mem    enc    dec   mclk   pclk  pviol  tviol     fb   bar1  rxpci  txpci 
# Idx      W      C      C      %      %      %      %    MHz    MHz      %   bool     MB     MB   MB/s   MB/s 
    0     73     54      -    23      5      0     50   7000   1950      0      0      1      3      0      0 
    0     67     53      -    18      4      0     38   7000   1950      0      0      1      3      0      0 
    0     74     54      -    20      5      0     43   6801   1950      0      0    430      6     29   3054 
    0     74     54      -    23      5      0     50   6801   1950      0      0    430      6     28   2967 
    0     73     54      -    23      5      0     50   6801   1950      0      0    430      6     25   3421 
    0     74     54      -    23      5      0     50   6801   1950      0      0    430      6     26   3421 
    0     74     54      -    23      5      0     50   6801   1950      0      0    430      6     31   3421 
    0     74     54      -    23      5      0     50   6801   1950      0      0    430      6     26   2995 
    0     74     54      -    23      5      0     50   6801   1950      0      0    430      6     24   3421 
    0     74     54      -    23      5      0     50   6801   1950      0      0    430      6     25   3421 
    0     74     54      -    23      5      0     50   6801   1950      0      0    430      6     25   3421 
    0     74     54      -    23      5      0     50   6801   1950      0      0    430      6     26   3421 
    0     74     54      -    23      5      0     50   6801   1950      0      0    430      6     27   2965 
    0     74     54      -    23      5      0     50   6801   1950      0      0    430      6     24   3308 
    0     74     54      -    24      5      0     50   6801   1950      0      0    430      6     25   2903 
    0     74     54      -    23      5      0     50   6801   1950      0      0    430      6     28   3421 
    0     74     54      -    23      5      0     50   6801   1950      0      0    430      6     29   3393 

#Trial: 3 for _gpu_3_16_10
# gpu    pwr  gtemp  mtemp     sm    mem    enc    dec   mclk   pclk  pviol  tviol     fb   bar1  rxpci  txpci 
# Idx      W      C      C      %      %      %      %    MHz    MHz      %   bool     MB     MB   MB/s   MB/s 
    0     73     54      -    23      5      0     48   7000   1950      0      0      1      3      0      0 
    0     68     53      -     0      0      0      0   7000   1950      0      0      1      3      0      2 
    0     73     54      -    15      3      0     32   6801   1950      0      0    430      6     43   3421 
    0     73     54      -    23      5      0     50   6801   1950      0      0    430      6     26   2874 
    0     74     54      -    23      5      0     50   6801   1950      0      0    430      6     30   2759 
    0     74     54      -    23      5      0     50   6801   1950      0      0    430      6     30   3058 
    0     73     54      -    23      5      0     50   6801   1950      0      0    430      6     27   2846 
    0     74     54      -    23      5      0     50   6801   1950      0      0    430      6     26   2965 
    0     74     54      -    23      5      0     50   6801   1950      0      0    430      6     26   2910 
    0     74     54      -    23      5      0     50   6801   1950      0      0    430      6     27   3193 
    0     74     54      -    23      5      0     50   6801   1950      0      0    430      6     27   3421 
    0     74     54      -    23      5      0     50   6801   1950      0      0    430      6     25   3193 
    0     73     54      -    23      5      0     50   6801   1950      0      0    430      6     25   3306 
    0     73     54      -    23      5      0     50   6801   1950      0      0    430      6     26   3031 
    0     74     54      -    23      5      0     50   6801   1950      0      0    430      6     26   2853 
    0     74     54      -    24      5      0     50   6801   1950      0      0    430      6     24   3421 
    0     74     54      -    23      5      0     50   6801   1950      0      0    430      6     26   3179 

#Trial: 4 for _gpu_3_16_10
# gpu    pwr  gtemp  mtemp     sm    mem    enc    dec   mclk   pclk  pviol  tviol     fb   bar1  rxpci  txpci 
# Idx      W      C      C      %      %      %      %    MHz    MHz      %   bool     MB     MB   MB/s   MB/s 
    0     74     54      -    23      5      0     50   7000   1950      0      0      1      3      0      0 
    0     69     53      -     4      1      0      8   6801   1950      0      0    103      6     41    691 
    0     74     54      -    10      2      0     22   6801   1950      0      0    430      6     29   2631 
    0     74     54      -    23      5      0     50   6801   1950      0      0    430      6     27   2740 
    0     74     54      -    23      5      0     50   6801   1950      0      0    430      6     26   3422 
    0     74     54      -    23      5      0     50   6801   1950      0      0    430      6     26   3167 
    0     74     54      -    23      5      0     50   6801   1950      0      0    430      6     25   2750 
    0     74     54      -    23      5      0     50   6801   1950      0      0    430      6     28   3398 
    0     74     54      -    24      5      0     50   6801   1950      0      0    430      6     30   3421 
    0     75     54      -    23      5      0     50   6801   1950      0      0    430      6     29   3421 
    0     74     54      -    23      5      0     50   6801   1950      0      0    430      6     28   2965 
    0     74     54      -    23      5      0     50   6801   1950      0      0    430      6     26   3421 
    0     74     54      -    23      5      0     50   6801   1950      0      0    430      6     27   2935 
    0     74     54      -    23      5      0     50   6801   1950      0      0    430      6     30   3414 
    0     75     54      -    23      5      0     50   6801   1950      0      0    430      6     28   2835 
    0     74     54      -    23      5      0     50   6801   1950      0      0    430      6     27   3421 
    0     74     54      -    23      5      0     50   6801   1950      0      0    430      6     30   2812 
